 0.2182 -1.3813 -0.0441  0.5133  1.2128 -0.5440  1.3601 -1.1077 -0.8307
 0.1089  1.9296 -1.2570  0.6152  0.4263 -0.3324 -0.3643 -1.8132  0.9776
-0.2195  0.2477  1.5090 -0.4318 -0.0495  1.0620  1.0670 -0.6887  1.9723
 1.3495 -1.2833  0.5451 -0.2296  0.6606 -0.8187 -0.0616  1.7083  0.5005
-0.5916 -1.3542  1.2548 -1.2987 -1.0568 -0.2397  1.6604  1.8913 -0.1580
-0.5532 -1.0331  0.8249 -0.1839 -0.0196  1.1940  0.2131 -0.5554 -1.3145
 0.8567 -0.5955  0.8817  0.5488 -0.6818 -1.4178 -1.7790  1.1552 -1.2343
-1.4764  1.3690  0.7141  1.3710 -0.0001  0.5890 -0.5434  0.0921 -0.8353
-0.0294 -0.2024  0.3382  0.0384  1.4116 -1.3132 -0.4510 -1.1164  0.4155

initial 1st weight layer
[-2, 2]