 0.3139 -0.8403  0.5055  0.8280 -1.5945  0.6407  1.6694 -0.6564  0.6313
-1.2814  0.9295 -1.3567 -0.3764 -1.8818  0.0544 -1.1050  1.8558 -0.1122
-0.7550  1.1202 -1.2017  0.5996  1.1116 -1.9663  0.9223 -1.8347  1.0511
-0.7797  0.5770 -1.5199  1.7521  1.9828  1.1077 -1.1689 -0.8276 -1.6663
-1.1495 -0.5754  0.4978 -1.3866  1.3458  1.9213 -0.6245  0.5410  1.3643
-0.5833  1.1516  0.7128 -1.7647 -1.6768  0.5904 -1.3493  1.1362  1.6595
 0.7090 -0.5131 -1.8971 -1.5399 -1.8522  0.5243  0.0304 -1.4837 -1.2349
-0.2702  1.8315  1.5709 -1.8624  1.3150 -0.2566  0.5061  1.2346  1.2460
 1.9094  1.1463  1.6693  1.7930  0.3808  1.4339  0.6163 -1.7255 -0.6606

initial 2nd weight layer
[-2, 2]