-1.2480  0.4273  0.1215  1.2626 -0.0778  0.6271 -1.0723  1.0140 -1.0770
 1.7199 -0.1416 -1.7776  1.4828 -1.6586  0.0173 -0.4164  0.1962  0.3580
 0.3125  1.3004  1.2233  1.7598  1.2055 -0.0095  1.6580  1.4915 -0.2948
 0.2509  1.8061 -1.9539 -0.8297 -1.3966 -1.0831 -1.6112  1.9340  0.6441
 1.0131  1.2727 -1.2645 -0.4291  0.1651  1.4654 -0.4586 -0.4572  0.3809
 1.5598  1.2215  1.9955 -1.6078  0.5099  0.8740  1.0642 -1.8971  0.2144
 1.6578 -1.8301 -1.8207  0.7020  1.0963  0.2812  0.1974 -0.5550  0.8612
 0.4349  1.1205  0.0119  1.1177  1.3401  0.5340 -0.7115  1.3045  1.5459
 1.1680 -1.2166 -1.7616 -1.7226 -1.4857 -0.7264  0.0846 -0.9307 -1.1474

 [-2, 2]