 0.5480 -0.4037  0.4152 -0.3776 -0.1110 -1.7944  1.3709  0.9666 -0.6653
 0.5503 -1.4646 -0.0303 -0.1789  0.1183  1.1104  0.4484 -0.5019 -1.7853
-0.0384  0.1277  0.0322 -0.1579 -0.2663  1.6957  0.4132  1.5613 -0.9220
-0.1410  1.3473  0.6030 -0.6051  1.6139 -1.1104  1.7095  0.5591 -1.4635
 1.2893  0.9105  0.2204  1.9080  0.5366  0.5738 -1.4709 -0.7332 -1.5236
 0.4866 -1.6673  0.8837 -1.2406  1.3820  1.4324 -1.9074  1.4723  0.4401
-0.3818  0.4926 -0.9429  1.4209 -1.6676  1.2236 -0.0189  0.6236  0.1809
-1.5367  1.0989  0.5132  1.0147  0.2130 -1.1922  1.2192  1.1641 -1.9345
 1.9331 -1.4412 -0.9267 -1.2732  1.1993  0.9824 -1.2820  0.3027  0.8373

 [-2, 2]